48052537
48050278
48010729
48056268
48051079
48045939
48071262
48071940
48051951
48073680
48080702
48076651
48089049
48082021
48078575
48103042
48085685
48065429
48115127
48111896
48116207
48130950
48121266
48122954
48140529
48132488
48141234
48150900
48150723
48137629
48164287
48163392
48160807
48141354
48174808
48188183
48182281
48182516
48196570
48198291
48197995
48212493
48207660
48214017
48227397
48228788
48223362
48238896
48234380
48234090
48254020
48246917
48249743
48259808
48256912
48236791
48275059
48270770
48273147
48222600
48237012
48281226
48296794
48299623
48276429
48311647
48318174
48308376
